26,
42,
54,
69,
73,
90,
93,
95,
102,
119,
123,
129,
135,
150,
159,
160,
161,
169,
199,
297,
303,
316,
320,
335,
337,
339,
358,
367,
372,
383,
406,
442,
484,
493,
499,
548,
554,
573,
597,
598,
602,
626,
634,
639,
677,
684,
693,
708,
779,
786,
791,
808,
813,
820,
824,
826,
830,
842,
843,
844,
849,
851,
882,
883,
927,
931,
938,
950,
1020,
1045,
1054,
1057,
1070,
1073,
1079,
1082,
1083,
1086,
1088,
1090,
1091,
1095,
1097,
1113,
1162,
1199,
1220,
1222,
1246,
1265,
1267,
1271,
1275,
1288,
1306,
1309,
1312,
1319,
1323,
1329,
1335,
1339,
1344,
1345,
1351,
1379,
1384,
1399,
1465,
1469,
1473,
1476,
1513,
1526,
1529,
1549,
1554,
1555,
1567,
1569,
1572,
1574,
1577,
1581,
1591,
1593,
1594,
1597,
1598,
1617,
1625,
1626,
1637,
1662,
1672,
1691,
1695,
1732,
1750,
1770,
1772,
1775,
1785,
1789,
1790,
1794,
1797,
1809,
1812,
1816,
1822,
1828,
1868,
1924,
1928,
1997,
2035,
2046,
2069,
2080,
2088,
2091,
2143,
2158,
2172,
2180,
2190,
2195,
2199,
2210,
2214,
2218,
2224,
2229,
2230,
2235,
2255,
2265,
2289,
2290,
2291,
2307,
2316,
2334,
2352,
2361,
2374,
2376,
2386,
2395,
2396,
2404,
2416,
2419,
2437,
2447,
2469,
2470,
2478,
2493,
2530,
2541,
2552,
2568,
2596,
2613,
2614,
2634,
2640,
2643,
2657,
2660,
2661,
2662,
2681,
2683,
2685,
2712,
2829,
2830,
2837,
2841,
2858,
